{
 "cells": [
  {
   "cell_type": "code",
   "execution_count": 1,
   "metadata": {
    "collapsed": true
   },
   "outputs": [],
   "source": [
    "import torch\n",
    "import numpy as np\n",
    "import pandas as pd\n",
    "import matplotlib.pyplot as plt\n",
    "import sklearn\n",
    "import imblearn\n",
    "import pickle\n",
    "import sklearn.model_selection as model_selection\n",
    "from sklearn.neighbors import KNeighborsClassifier\n",
    "from sklearn.model_selection import train_test_split\n",
    "from sklearn import metrics\n",
    "from sklearn.metrics import confusion_matrix\n",
    "from sklearn.model_selection import cross_val_score\n",
    "%matplotlib inline"
   ]
  },
  {
   "cell_type": "code",
   "execution_count": 2,
   "metadata": {
    "collapsed": true
   },
   "outputs": [],
   "source": [
    "new_data = pd.read_csv('./all/dataraning_new_data.csv') # upload the training set"
   ]
  },
  {
   "cell_type": "code",
   "execution_count": 3,
   "metadata": {
    "collapsed": false
   },
   "outputs": [
    {
     "data": {
      "text/html": [
       "<div>\n",
       "<table border=\"1\" class=\"dataframe\">\n",
       "  <thead>\n",
       "    <tr style=\"text-align: right;\">\n",
       "      <th></th>\n",
       "      <th>Unnamed: 0</th>\n",
       "      <th>Resp</th>\n",
       "      <th>VL.t0</th>\n",
       "      <th>CD4.t0</th>\n",
       "      <th>rtlength</th>\n",
       "      <th>pr_A</th>\n",
       "      <th>pr_C</th>\n",
       "      <th>pr_G</th>\n",
       "      <th>pr_R</th>\n",
       "      <th>pr_T</th>\n",
       "      <th>pr_Y</th>\n",
       "      <th>PR_GC</th>\n",
       "      <th>RT_A</th>\n",
       "      <th>RT_C</th>\n",
       "      <th>RT_G</th>\n",
       "      <th>RT_R</th>\n",
       "      <th>RT_T</th>\n",
       "      <th>RT_Y</th>\n",
       "      <th>RT_GC</th>\n",
       "    </tr>\n",
       "  </thead>\n",
       "  <tbody>\n",
       "    <tr>\n",
       "      <th>0</th>\n",
       "      <td>1</td>\n",
       "      <td>0</td>\n",
       "      <td>4.3</td>\n",
       "      <td>145</td>\n",
       "      <td>1005</td>\n",
       "      <td>104</td>\n",
       "      <td>51</td>\n",
       "      <td>67</td>\n",
       "      <td>2</td>\n",
       "      <td>71</td>\n",
       "      <td>2</td>\n",
       "      <td>0.402730</td>\n",
       "      <td>402</td>\n",
       "      <td>167</td>\n",
       "      <td>210</td>\n",
       "      <td>1</td>\n",
       "      <td>1</td>\n",
       "      <td>1</td>\n",
       "      <td>0.378134</td>\n",
       "    </tr>\n",
       "    <tr>\n",
       "      <th>1</th>\n",
       "      <td>2</td>\n",
       "      <td>0</td>\n",
       "      <td>3.6</td>\n",
       "      <td>224</td>\n",
       "      <td>909</td>\n",
       "      <td>110</td>\n",
       "      <td>49</td>\n",
       "      <td>65</td>\n",
       "      <td>73</td>\n",
       "      <td>0</td>\n",
       "      <td>0</td>\n",
       "      <td>0.383838</td>\n",
       "      <td>355</td>\n",
       "      <td>151</td>\n",
       "      <td>193</td>\n",
       "      <td>1</td>\n",
       "      <td>3</td>\n",
       "      <td>203</td>\n",
       "      <td>0.381375</td>\n",
       "    </tr>\n",
       "    <tr>\n",
       "      <th>2</th>\n",
       "      <td>3</td>\n",
       "      <td>0</td>\n",
       "      <td>3.2</td>\n",
       "      <td>1017</td>\n",
       "      <td>903</td>\n",
       "      <td>105</td>\n",
       "      <td>47</td>\n",
       "      <td>67</td>\n",
       "      <td>2</td>\n",
       "      <td>74</td>\n",
       "      <td>2</td>\n",
       "      <td>0.389078</td>\n",
       "      <td>360</td>\n",
       "      <td>146</td>\n",
       "      <td>181</td>\n",
       "      <td>1</td>\n",
       "      <td>7</td>\n",
       "      <td>201</td>\n",
       "      <td>0.368243</td>\n",
       "    </tr>\n",
       "    <tr>\n",
       "      <th>3</th>\n",
       "      <td>4</td>\n",
       "      <td>0</td>\n",
       "      <td>5.7</td>\n",
       "      <td>206</td>\n",
       "      <td>1455</td>\n",
       "      <td>105</td>\n",
       "      <td>49</td>\n",
       "      <td>71</td>\n",
       "      <td>1</td>\n",
       "      <td>71</td>\n",
       "      <td>0</td>\n",
       "      <td>0.405405</td>\n",
       "      <td>586</td>\n",
       "      <td>245</td>\n",
       "      <td>305</td>\n",
       "      <td>1</td>\n",
       "      <td>1</td>\n",
       "      <td>317</td>\n",
       "      <td>0.378527</td>\n",
       "    </tr>\n",
       "    <tr>\n",
       "      <th>4</th>\n",
       "      <td>5</td>\n",
       "      <td>0</td>\n",
       "      <td>3.5</td>\n",
       "      <td>572</td>\n",
       "      <td>903</td>\n",
       "      <td>105</td>\n",
       "      <td>50</td>\n",
       "      <td>69</td>\n",
       "      <td>73</td>\n",
       "      <td>0</td>\n",
       "      <td>0</td>\n",
       "      <td>0.400673</td>\n",
       "      <td>353</td>\n",
       "      <td>150</td>\n",
       "      <td>184</td>\n",
       "      <td>2</td>\n",
       "      <td>5</td>\n",
       "      <td>1</td>\n",
       "      <td>0.374439</td>\n",
       "    </tr>\n",
       "  </tbody>\n",
       "</table>\n",
       "</div>"
      ],
      "text/plain": [
       "   Unnamed: 0  Resp  VL.t0  CD4.t0  rtlength  pr_A  pr_C  pr_G  pr_R  pr_T  \\\n",
       "0           1     0    4.3     145      1005   104    51    67     2    71   \n",
       "1           2     0    3.6     224       909   110    49    65    73     0   \n",
       "2           3     0    3.2    1017       903   105    47    67     2    74   \n",
       "3           4     0    5.7     206      1455   105    49    71     1    71   \n",
       "4           5     0    3.5     572       903   105    50    69    73     0   \n",
       "\n",
       "   pr_Y     PR_GC  RT_A  RT_C  RT_G  RT_R  RT_T  RT_Y     RT_GC  \n",
       "0     2  0.402730   402   167   210     1     1     1  0.378134  \n",
       "1     0  0.383838   355   151   193     1     3   203  0.381375  \n",
       "2     2  0.389078   360   146   181     1     7   201  0.368243  \n",
       "3     0  0.405405   586   245   305     1     1   317  0.378527  \n",
       "4     0  0.400673   353   150   184     2     5     1  0.374439  "
      ]
     },
     "execution_count": 3,
     "metadata": {},
     "output_type": "execute_result"
    }
   ],
   "source": [
    "new_data.head()"
   ]
  },
  {
   "cell_type": "code",
   "execution_count": 4,
   "metadata": {
    "collapsed": false,
    "scrolled": true
   },
   "outputs": [
    {
     "data": {
      "text/plain": [
       "<matplotlib.axes._subplots.AxesSubplot at 0x7f66bdc22e48>"
      ]
     },
     "execution_count": 4,
     "metadata": {},
     "output_type": "execute_result"
    },
    {
     "data": {
      "image/png": "iVBORw0KGgoAAAANSUhEUgAAAW4AAADuCAYAAAAZZe3jAAAABHNCSVQICAgIfAhkiAAAAAlwSFlz\nAAALEgAACxIB0t1+/AAAF29JREFUeJzt3XmYHVWdxvHvSTrpsIQliOxQxsgeEZREAQFZJGONojIg\nLihCEPFxR6QYcLyAPJaiiM7oiBsqqCMCAlou7CJbDAYQZYtACQkoQshlSUh6OfNHXchiltvd9/av\nTtX7eZ56ennI7befkLdPnzp1jvPeIyIi4RhjHUBERIZGxS0iEhgVt4hIYFTcIiKBUXGLiARGxS0i\nEhgVt4hIYFTcIiKBUXGLiARGxS0iEhgVt4hIYFTcIiKBUXGLiARGxS0iEhgVt4hIYFTcIiKBUXGL\niARGxS0iEhgVt4hIYFTcIiKBUXGLiARGxS0iEhgVt4hIYFTcIiKBUXGLiARGxS0iEhgVt4hIYFTc\nIiKBUXGLiARGxS0iEpge6wAiIxEl2Vhg/TVcEygGKG65C2AQ6AcGWlc/8Bzw9MpXnsYDo/TtiLTF\nee+tM4isIEqyScCWwBZruDZiWTF32yKWFXkTeBKY37rmLf9+nsZPjkIeqTkVt4y6KMnGANsCO7Su\n7Vtvp1CUcq9duhF7HniUotAfAe4D7mldc/M0XmqYTSpCxS1dEyXZOGAXYDf+taBHY6RcNv3Agywr\n8heue/M0fsYymIRFxS0dESVZD/BKYE/g1cAewK6EPXoeLR74KzAbuK31dk6exotMU0lpqbhlWKIk\n2wzYF3gtMJ2iqNcxDVUtA8BdwM3ALcAteRo/YBtJykLFLW2JkmwisB9wIHAQxWhaRtc/gGuAK4Er\n8zR+zDiPGFFxyypFSTYeeB1FUR8ITEPLR8vmz7RKHLghT+PFxnlklKi45UVRkr0EeCvwNmB/YF3T\nQDIUS4AbKUo8y9P4L8Z5pItU3DUXJdmWwNuBw4DXA2NtE0mH3AP8DLhIJV49Ku4aipIsoijqwyhu\nLro1/gEJ3d0sK/G7rcPIyKm4a6L1NOJRrevVxnHEzl8oSvyneRrfax1GhkfFXWFRkjmKG4szKeau\ntaZalncjcB5wcZ7Gz1uHkfapuCsoSrKtgPcDxwAvM44j5bcA+CFwnkbhYVBxV0Rrl7w3U4yuZ6Cb\njDI8N1CMwi/J03iJdRhZNRV34KIkWx84Fvg4ENmmkQp5Ejgf+GqexvOsw8iKVNyBipJsC+BjwPEU\nW5yKdEMf8CPgbK1IKQ8Vd2CiJJsMnAy8D91slNHjgV8CZ+VpPMs6TN2puAMRJdnOwKnAO9D8tdi6\nEjgzT+MbrYPUlYq75ForRM6kGGHrjFApk+uBU/I0vtU6SN2ouEsqSrINgYRiHlvbpUqZ/RRI8jTO\nrYPUhYq7ZFq78n0IOA3YxDiOSLuWAF+jmANvWoepOhV3SbSecjwSOAs9NCPhegI4Hfhmnsb91mGq\nSsVdAlGS7Qp8m2LDJ5EquA84KU/jX1gHqSIVt6EoySYAnwFOAsYZxxHphsuAD+m0ns5ScRuJkmx/\n4FvAK4yjiHTbQuCTeRqfbx2kKlTcLc65GcBXKdZIf8d7n3bj60RJtjFwNsUGUNoHW+rkSuC4PI0f\ntg4SOhU34JwbC9wPHAzMA2YD7/Ted/QR3yjJDgf+G9isk68rEpBnKZa5fiNPY5XPMKm4Aefc64CG\n9/6Q1senAHjvP9+J14+SbD3gG8B7O/F6IhVwA3BMnsYPWAcJkZ7EK2wFPLLcx/NanxuxKMmmUozg\nVdoiy+wL/DFKsrdZBwmRiruwqrnmEf8qEiXZccAsYKeRvpZIBW0IXBol2ZejJOuxDhMSFXdhHrDN\nch9vDTw63BeLkmxilGQ/plg1osfVRdbsk8D1rX15pA0q7sJs4BXOuZc558ZTPMF4xXBeKEqyVwF/\nBN7ZwXwiVbc3cHuUZAdZBwmBbk62OOfeBJxLsRzwe977s4b6GlGSHQH8AJjQ4XgidTFI8cj8mVp1\nsnoq7g6JkuxUiu1XtTZbZOR+BrxXp8+vmop7hKIkG0exz8j7rLOIVMxNwKF5Gj9pHaRsVNwjECXZ\nROASigd3RKTz7gdm5Gn8kHWQMlFxD1OUZJsBvwL2sM4iUnGPAYfkaXyXdZCyUHEPQ5Rk2wHXApOt\ns4jUxFPAv+dpfLN1kDJQcQ9Ra63pDai0RUbbIuDNeRpfax3Emop7CFrTI78DdrDOIlJTzwIH5Wk8\nyzqIJRV3m6Ik24TiVOtdjaOI1N1TwH51nvPWk5NtiJJsI+AqVNoiZbAxcGWUZFOsg1hRca9Fa8nf\nb4DdrbOIyIs2B66Okmxr6yAWVNxr0Nqx7DJgunUWEfkX2wFXRUm2qXWQ0abiXrNzgAOsQ4jIau0I\nZFGS9VoHGU0q7tWIkuxo4CPWOURkrfakOBKwNrSqZBWiJJtGsVa7Vj/FRQJ3bJ7G37MOMRpU3CuJ\nkmxz4DY6dHSZiIya54G98zSeYx2k2zRVspwoycZTbBql0hYJzwTgkijJJlkH6TYV94pSYC/rECIy\nbBHwoyjJKt1tlf7mhiJKsr2Bj1nnEJERmwF82jpEN2mOG4iSbAJwB9qDRKQqngdemafxXOsg3aAR\nd+EMVNoiVTIBOM86RLfUfsQdJdmewC0UhwSLSLUck6fx+dYhOq3Wxd1aRTIH2MU6i4h0xQJgpzyN\nH7cO0kl1nyo5BZW2SJVNAs61DtFptR1xR0m2JTAXWNc6i4h03Yw8jX9rHaJT6jzibqDSFqmLNEoy\nZx2iU2pZ3FGS7QgcY51DREbNq4DDrUN0Si2Lm2K0rVUkIvVyRpRklfh3X7vijpJsJyr0k1dE2rYD\nFfm3X7viBj5DPb9vESlWkgWvVqtKoiTbCvgbmiYRqbM352n8S+sQI1G3kefRqLRF6u6j1gFGqjYj\n7tZSoL8Ck62ziIipQWCbPI0ftQ4yXHUacb8BlbaIFL33HusQI1Gn4p5pHUBESuO91gFGohZTJVGS\nbQw8SrHVo4gIwGvyNP6jdYjhqMuI+0hU2iKyomBH3XUp7jdZBxCR0nlnqE9SVr64oyTrAfazziEi\npbMpxR4mwal8cQPTgInWIUSklIIc1NWhuA+0DiAipbWvdYDhqENxH2QdQERKa58Q9+mudHFHSbYu\n8FrrHCJSWpsQ4PGFlS5uYE9gvHUIESm14KZLql7c21sHEJHSC+638qoX9xTrACJSei+zDjBUbRW3\nc26yc+4XzrknnHOPO+cud86FsGGTiltE1mY76wBD1e6I+8fARcDmwJbAz4CfdCtUB6m4RWRttmw9\nqBeMdot7Xe/9Bd77/tZ1IWHs/fFy6wAiUnpjga2tQwxFu8X9a+dc4pyLnHPbOec+DfzKOTfJOTep\nmwGHK0qyzYH1rHOISBCCmi5p99eDI1pvj1/p80cCnnIeULC5dQARCUb1itt7H9xdVzTaFpH2bWYd\nYCjaXVVyuHNuYuv905xzlzrndu9utBFb1zqAiARjnHWAoWh3jvsz3vtnnHP7UOz98V3gm92L1RHr\nWAcQkWAEVdztznEPtN7GwLe895lz7nNdytQpwW0cI923nfv7vKPGXvWgdQ4pl6f8xGeKegtDu8U9\n3zl3HsVo+wvOuV6q/9SlVNA//UYbHzP211PHODa2ziKlci182zpD29ot3yOA3wIzvPcLgUnASV1L\n1RnVPwVZhmwRE9b7zeC0O61zSOn0WQcYiraK23u/CHgc2Kf1qX5gbrdCdUjTOoCU02l975/qPYus\nc0ipVK+4nXOfBU4GTml9ahxwYbdCdcij1gGknBaw4Saz/Q63WeeQUlloHWAo2p0qeRvwFuA5AO/9\no5T/HEcVt6zWp/o+ONl7+q1zSGnk1gGGot3iXuq997TmjZ1zpX+4JU/j54CnrXNIOT3sN9t6rt9q\nlnUOKY2/WQcYinaL+6LWqpKNnHPHAVcD3+lerI55zDqAlNdJfcdvap1BSsFTxeL23n8JuBi4BNgB\n+C/v/de6GaxDNF0iq3Wnn7L93/3GmuuWv9NoLrEOMRRtr8X23l/lvT/Je/8p4Frn3Lu7mKtTHrEO\nIOV2at8xQT0xJ12RWwcYqjUWt3NuA+fcKc65/3HOvdEVPgw8yLIdA8tsjnUAKbdrBl+929N+nT9b\n5xBTQU2TwNpH3BdQTI3cBcwErgMOBw713h/a5WydcIt1ACm/z/e/6znrDGLqDusAQ7W24p7svT/a\ne38e8E5gZ+AQ730o3+jtwPPWIaTcfjJwwLQlvkf7l9TX76wDDNXaivvFp4m89wPAPO99MEWYp3Ef\n8EfrHFJ2zv3vwFvmW6cQE88Cwd2gXltx7+ace7p1PQO88oX3nXOhrJHWdIms1df73zp9wI/R8tH6\nuYlGM7gHsdZY3N77sd77DVrXRO99z3LvbzBaIUfoVusAUn599Iz/6cD+91vnkFEX3DQJ1GNr1t8D\ng9YhpPzO6n/3Ht5rc7Kaud46wHBUvrjzNH6cQP9yZHQ9xzoTrx7c43brHDJqngNmW4cYjsoXd8tP\nrANIGE7pm7mL91qJVBOXhzi/DfUp7kuApdYhpPyeYKNNb/dTghyFyZCdbx1guGpR3HkaP0Vxgo/I\nWp3Y98HtvH/xnFWppoeBa61DDFctirtF0yXSlof8lts+5LfQlq/VdgGNZrCLFupU3FeAjquS9nyq\n7/hJ1hmkq75vHWAkalPcrYMVfmSdQ8Iwx2+/4z/9hnrqtppupNH8q3WIkahNcbecg05/lzZ9pu/9\ndfv3URchHAKzRrX6HzNP43uBX1rnkDD8ZnDa7s/6CXdb55COepAK/OZdq+JuSa0DSDi+2P8OPUlZ\nLWeGunZ7ebUr7jyNbwausc4hYbhg4ODpS31Pbp1DOmIuxRkDwatdcbc0rANIGDxjxnx74E06Aq8a\nzqDRrMT6/FoWd57GN6IHcqRNX+0/bNqAd49b55ARuQf4sXWITqllcbd8DD0GL21YyrjeSwZer5uU\nYTs95AduVlbb4s7T+D7gbOscEoYz+4/a3XtCOTxEVnQzcJF1iE6qbXG3nAU8ZB1Cyu8Z1tvw+sHd\n5ljnkCFbAsyk0azU8xu1Lu48jRcDH7HOIWE4pe+4nbxniXUOGZLP0WjeYx2i02pd3AB5GmfAz61z\nSPn9nUmb3eVf9gfrHNK2O4EvWIfohtoXd8vHKE57FlmjE/tO2MZ7HYUXgAHgWBrNPusg3aDiBvI0\nfgQ4wTqHlN9cv3X0sH+pRt3l92UazcpuEqbibsnT+EIqsPmMdN+n+z6wgXUGWaN7gM9ah+gmFfeK\nPkIxLyayWrP8zjs/6SfqUOFyehp4K41mpc8NVXEvJ0/j54HDgWess0i5Nfrep3nu8vHAe2g077cO\n0m0q7pXkaTwXmGmdQ8rtF4N7vXqR773XOoes4HQazV9YhxgNKu5VyNP4IuDr1jmk3L7cf/gC6wzy\noiuAM6xDjBYV9+p9Am1EJWtw/sCM6X1+7MPWOYT7gKOq9nTkmqi4VyNP4z7gMEBLv2SVBhkz9vyB\nQ3LrHDW3kOJmZK32kXHe1+aH1LBESbYJcCOwo3UWKZ8JLFl8d+8xz45xflPrLDX0LHAwjeat1kFG\nm0bca5Gn8ZPAG4F51lmkfJ6nd53LB/f6i3WOGloMxHUsbdCIu21Rku0M/B6YZJ1FymVDnl14R+8H\nepxjfessNbEEeAuN5pXWQaxoxN2mPI3vBmLgOessUi5N1t/opsFdK/t4dcn0AYfXubRBxT0keRrf\nChwC6ORvWcHJfcdt7z2V3NCoRAYoHrCpxVrtNVFxD1GexjcBBwBPWGeR8pjPplvc7bebZZ2jwgaA\n99NoVuokm+FScQ9DnsZzgP2A+dZZpDxO7DthS+/RTaPOWwy8jUbzAusgZaHiHqbWnPdeFDuRiXCv\n33byfF6idf+dtQA4UNMjK1Jxj0Cexg8D+1AcRipC0nfcutYZKuQhYB8azVusg5SNinuE8jReABxE\nxU6RluG5cXDq1IV+PW0NPHK3ANOHel6kc+57zrnHnXN/7lKuUlBxd0CexovzNH4HcCLQb51HbJ3R\nd9RS6wyB+z/gABrNfw7jz34fmNHZOOWj4u6gPI3PAQ4GHrfOInYuHdx3z8V+/FzrHAHqBxLgXcM9\nCMF7fwPFvHilqbg7LE/j64E9AC0Nq7Gv9r9dP7yH5mFgXxrNL9Rpl7/hUnF3QZ7G84F9gW9aZxEb\n3x6Ip/f7Mdrfpj1XALvrJmT7VNxdkqfx0jyNTwCOptjFTGpkgLE9Fwwc/IB1jpJbCnyCRvNQGs3K\nT290koq7y/I0/gEwFbjOOouMri/2H7nnoHcqpFV7ENibRvNc6yAhUnGPgjyNc+BAilPktUlVTSym\nd91fDU77k3WOEvohxdTIbZ1+YefcTyiWEu7gnJvnnDu201+jDLSt6yiLkmwycD7FHLhU3MY8vWBO\n7wcnOIcezIEHgONpNK+xDhI6jbhHWZ7GDwL7Ax8HFtmmkW57ig0mzfI7zbbOYawfSIGpKu3O0Ijb\nUJRkUyhWnhxonUW6Z1v3j3m/G/+JzZ2jxzqLgVnAB2g0NWXUQSruEoiS7C3Al4Ep1lmkO347/tM3\n7TBm3t7WOUbRM8CpwNdpNAetw1SNirskoiQbD3wUOA3Y0DiOdNhU9+DcK8afNsU5nHWWLhsELgRO\npdHUOvYuUXGXTJRkLwXOBGaiexCVckvvh2dv4RbsaZ2ji34FJDSad1kHqToVd0lFSbYb8BXgDdZZ\npDPeMOb2O88ff/Zu1jm64FbgZBrNG6yD1IWKu+SiJDsEOB2Ybp1FRu5PvTPv2sAtmmqdo0PuA/6T\nRvNS6yB1o1/FSy5P49/mafxa4E2ATlcJ3Fn971psnaEDHgGOB3ZRadvQiDswrRH4f6IHeALl/b29\nRz84wfW93DrJMNwBfAn4KY2m9p03pOIOVJRkewOnALF1Fhmaj4699MZPjrt4H+scQ3AVcDaN5lXW\nQaSg4g5clGS7AB8CjgImGseRNvTQ33dv79FP9LjBLayzrEE/xUk0X6LR1FFsJaPirogoydanKO8T\nKHYjlBL7XM93f/eenmv2s86xCgsojv86l0bzEeMsshoq7gqKkmwfilH4YcB44ziyCuux+Nm7eo/t\nH+PYyDoLxUMzVwPfAy6j0VxinEfWQsVdYa2HeWYCxwKTjePISs4bd871h4y9bX/DCA9R7FT5fY2u\nw6LirokoyaYBRwJHAFsZxxFgE5pP3NZ7wnrOsc4oftnFwKUUo+vrdL5jmFTcNRMl2Rjg9RQl/h/A\nS2wT1dvF4xs3vGbM/d1e2rkYuBL4OXA5jebCLn896TIVd41FSdYDHERR4m9Fm1uNusg99sh140/c\n0jnGdvilFwK/pCjr39Boau/3ClFxCwBRko0D9gL+DZgBVHFPjVK6evynbp4y5tG9OvBSjwGXUZT1\n9TSafR14TSkhFbesUpRkW1AU+AzgYGBj20TVtbube9/Pez+7wzD+6GLgJoqDqK8B/qA563pQccta\nRUk2lmKTqxnAAcBrgF7TUBXzh94P3fZSt/A1a/nPllDsxHcdcC0wi0ZzadfDSemouGXIoiTrBfYE\n9gb2AV6LbnKOyBvHzL79W+O/svtKn14MzAGupyjqW2g0q7BJlYyQils6IkqylwPTKEbm04FXgk42\nH4Ilc3qPv2qSe2Y+MLt1/YVGc8A4l5SQilu6orXsMAJ2BXZZ7toRmGCXzJwHHqXYy/pOih337gDu\nydNYNxOlLSpuGVWt+fKXs6zIXwFsC2wDbE015s49MB+YC/y1db3w/gN5GmtpnoyIiltKI0oyB7yU\nZUW+/NutKFa2bNS6LEbtg8A/gX8sdz2+0sfzKMpZc9HSNSpuCVKUZBNYVuIvXC8U+wRgHMUGW+Na\nVw/gVroGKW4ALlru7crXYuA54AngiTyNB0flGxRZAxW3iEhgdOakiEhgVNwiIoFRcYuIBEbFLSIS\nGBW3iEhgVNwiIoFRcYuIBEbFLSISGBW3iEhgVNwiIoFRcYuIBEbFLSISGBW3iEhgVNwiIoFRcYuI\nBEbFLSISGBW3iEhgVNwiIoFRcYuIBEbFLSISGBW3iEhgVNwiIoFRcYuIBEbFLSISGBW3iEhgVNwi\nIoFRcYuIBEbFLSISGBW3iEhgVNwiIoFRcYuIBOb/ASr4k9aWZbgzAAAAAElFTkSuQmCC\n",
      "text/plain": [
       "<matplotlib.figure.Figure at 0x7f66bdc7c710>"
      ]
     },
     "metadata": {},
     "output_type": "display_data"
    }
   ],
   "source": [
    "new_data[\"Resp\"].value_counts().plot.pie()"
   ]
  },
  {
   "cell_type": "code",
   "execution_count": 5,
   "metadata": {
    "collapsed": false,
    "scrolled": true
   },
   "outputs": [
    {
     "data": {
      "text/html": [
       "<div>\n",
       "<table border=\"1\" class=\"dataframe\">\n",
       "  <thead>\n",
       "    <tr style=\"text-align: right;\">\n",
       "      <th></th>\n",
       "      <th>Unnamed: 0</th>\n",
       "      <th>Resp</th>\n",
       "      <th>VL.t0</th>\n",
       "      <th>CD4.t0</th>\n",
       "      <th>rtlength</th>\n",
       "      <th>pr_A</th>\n",
       "      <th>pr_C</th>\n",
       "      <th>pr_G</th>\n",
       "      <th>pr_R</th>\n",
       "      <th>pr_T</th>\n",
       "      <th>pr_Y</th>\n",
       "      <th>PR_GC</th>\n",
       "      <th>RT_A</th>\n",
       "      <th>RT_C</th>\n",
       "      <th>RT_G</th>\n",
       "      <th>RT_R</th>\n",
       "      <th>RT_T</th>\n",
       "      <th>RT_Y</th>\n",
       "      <th>RT_GC</th>\n",
       "    </tr>\n",
       "  </thead>\n",
       "  <tbody>\n",
       "    <tr>\n",
       "      <th>Unnamed: 0</th>\n",
       "      <td>1.000000</td>\n",
       "      <td>0.316746</td>\n",
       "      <td>0.082143</td>\n",
       "      <td>0.038613</td>\n",
       "      <td>0.060402</td>\n",
       "      <td>-0.289413</td>\n",
       "      <td>-0.104817</td>\n",
       "      <td>-0.052061</td>\n",
       "      <td>-0.156757</td>\n",
       "      <td>0.037121</td>\n",
       "      <td>0.073843</td>\n",
       "      <td>0.039735</td>\n",
       "      <td>0.055431</td>\n",
       "      <td>0.039726</td>\n",
       "      <td>0.045710</td>\n",
       "      <td>-0.018059</td>\n",
       "      <td>-0.105165</td>\n",
       "      <td>0.024748</td>\n",
       "      <td>0.019547</td>\n",
       "    </tr>\n",
       "    <tr>\n",
       "      <th>Resp</th>\n",
       "      <td>0.316746</td>\n",
       "      <td>1.000000</td>\n",
       "      <td>0.363947</td>\n",
       "      <td>-0.127548</td>\n",
       "      <td>0.320095</td>\n",
       "      <td>-0.121435</td>\n",
       "      <td>-0.080273</td>\n",
       "      <td>-0.030747</td>\n",
       "      <td>-0.106768</td>\n",
       "      <td>0.046432</td>\n",
       "      <td>0.054466</td>\n",
       "      <td>-0.029655</td>\n",
       "      <td>0.315671</td>\n",
       "      <td>0.294487</td>\n",
       "      <td>0.269169</td>\n",
       "      <td>-0.045041</td>\n",
       "      <td>-0.118343</td>\n",
       "      <td>0.070142</td>\n",
       "      <td>0.105843</td>\n",
       "    </tr>\n",
       "    <tr>\n",
       "      <th>VL.t0</th>\n",
       "      <td>0.082143</td>\n",
       "      <td>0.363947</td>\n",
       "      <td>1.000000</td>\n",
       "      <td>-0.427281</td>\n",
       "      <td>0.327529</td>\n",
       "      <td>-0.010349</td>\n",
       "      <td>-0.011644</td>\n",
       "      <td>0.012650</td>\n",
       "      <td>-0.099714</td>\n",
       "      <td>0.063036</td>\n",
       "      <td>0.018848</td>\n",
       "      <td>-0.040033</td>\n",
       "      <td>0.324758</td>\n",
       "      <td>0.299423</td>\n",
       "      <td>0.300049</td>\n",
       "      <td>-0.085253</td>\n",
       "      <td>-0.080765</td>\n",
       "      <td>0.082630</td>\n",
       "      <td>0.060104</td>\n",
       "    </tr>\n",
       "    <tr>\n",
       "      <th>CD4.t0</th>\n",
       "      <td>0.038613</td>\n",
       "      <td>-0.127548</td>\n",
       "      <td>-0.427281</td>\n",
       "      <td>1.000000</td>\n",
       "      <td>-0.297203</td>\n",
       "      <td>-0.022918</td>\n",
       "      <td>0.044449</td>\n",
       "      <td>0.041038</td>\n",
       "      <td>0.086117</td>\n",
       "      <td>-0.024116</td>\n",
       "      <td>-0.044339</td>\n",
       "      <td>0.060032</td>\n",
       "      <td>-0.292327</td>\n",
       "      <td>-0.275972</td>\n",
       "      <td>-0.269580</td>\n",
       "      <td>0.063620</td>\n",
       "      <td>0.058562</td>\n",
       "      <td>-0.054134</td>\n",
       "      <td>-0.101756</td>\n",
       "    </tr>\n",
       "    <tr>\n",
       "      <th>rtlength</th>\n",
       "      <td>0.060402</td>\n",
       "      <td>0.320095</td>\n",
       "      <td>0.327529</td>\n",
       "      <td>-0.297203</td>\n",
       "      <td>1.000000</td>\n",
       "      <td>0.004620</td>\n",
       "      <td>0.001332</td>\n",
       "      <td>0.018774</td>\n",
       "      <td>-0.129542</td>\n",
       "      <td>0.045435</td>\n",
       "      <td>0.098628</td>\n",
       "      <td>-0.010285</td>\n",
       "      <td>0.997939</td>\n",
       "      <td>0.938903</td>\n",
       "      <td>0.944121</td>\n",
       "      <td>-0.090145</td>\n",
       "      <td>-0.076606</td>\n",
       "      <td>0.136990</td>\n",
       "      <td>0.485215</td>\n",
       "    </tr>\n",
       "    <tr>\n",
       "      <th>pr_A</th>\n",
       "      <td>-0.289413</td>\n",
       "      <td>-0.121435</td>\n",
       "      <td>-0.010349</td>\n",
       "      <td>-0.022918</td>\n",
       "      <td>0.004620</td>\n",
       "      <td>1.000000</td>\n",
       "      <td>0.165435</td>\n",
       "      <td>-0.123698</td>\n",
       "      <td>0.243491</td>\n",
       "      <td>0.000056</td>\n",
       "      <td>-0.188840</td>\n",
       "      <td>-0.495073</td>\n",
       "      <td>0.011044</td>\n",
       "      <td>0.009148</td>\n",
       "      <td>0.011599</td>\n",
       "      <td>0.097611</td>\n",
       "      <td>0.022571</td>\n",
       "      <td>-0.043869</td>\n",
       "      <td>-0.023715</td>\n",
       "    </tr>\n",
       "    <tr>\n",
       "      <th>pr_C</th>\n",
       "      <td>-0.104817</td>\n",
       "      <td>-0.080273</td>\n",
       "      <td>-0.011644</td>\n",
       "      <td>0.044449</td>\n",
       "      <td>0.001332</td>\n",
       "      <td>0.165435</td>\n",
       "      <td>1.000000</td>\n",
       "      <td>0.158018</td>\n",
       "      <td>0.062032</td>\n",
       "      <td>-0.024762</td>\n",
       "      <td>-0.053688</td>\n",
       "      <td>0.552580</td>\n",
       "      <td>0.006332</td>\n",
       "      <td>0.015336</td>\n",
       "      <td>0.010107</td>\n",
       "      <td>-0.063966</td>\n",
       "      <td>0.050509</td>\n",
       "      <td>-0.014506</td>\n",
       "      <td>0.011730</td>\n",
       "    </tr>\n",
       "    <tr>\n",
       "      <th>pr_G</th>\n",
       "      <td>-0.052061</td>\n",
       "      <td>-0.030747</td>\n",
       "      <td>0.012650</td>\n",
       "      <td>0.041038</td>\n",
       "      <td>0.018774</td>\n",
       "      <td>-0.123698</td>\n",
       "      <td>0.158018</td>\n",
       "      <td>1.000000</td>\n",
       "      <td>-0.024814</td>\n",
       "      <td>-0.007022</td>\n",
       "      <td>-0.022936</td>\n",
       "      <td>0.350968</td>\n",
       "      <td>0.020450</td>\n",
       "      <td>0.019386</td>\n",
       "      <td>0.014290</td>\n",
       "      <td>0.031384</td>\n",
       "      <td>-0.006384</td>\n",
       "      <td>-0.003723</td>\n",
       "      <td>0.028718</td>\n",
       "    </tr>\n",
       "    <tr>\n",
       "      <th>pr_R</th>\n",
       "      <td>-0.156757</td>\n",
       "      <td>-0.106768</td>\n",
       "      <td>-0.099714</td>\n",
       "      <td>0.086117</td>\n",
       "      <td>-0.129542</td>\n",
       "      <td>0.243491</td>\n",
       "      <td>0.062032</td>\n",
       "      <td>-0.024814</td>\n",
       "      <td>1.000000</td>\n",
       "      <td>-0.559403</td>\n",
       "      <td>-0.341439</td>\n",
       "      <td>-0.019549</td>\n",
       "      <td>-0.121479</td>\n",
       "      <td>-0.096217</td>\n",
       "      <td>-0.100271</td>\n",
       "      <td>0.188537</td>\n",
       "      <td>0.088849</td>\n",
       "      <td>-0.095437</td>\n",
       "      <td>-0.019180</td>\n",
       "    </tr>\n",
       "    <tr>\n",
       "      <th>pr_T</th>\n",
       "      <td>0.037121</td>\n",
       "      <td>0.046432</td>\n",
       "      <td>0.063036</td>\n",
       "      <td>-0.024116</td>\n",
       "      <td>0.045435</td>\n",
       "      <td>0.000056</td>\n",
       "      <td>-0.024762</td>\n",
       "      <td>-0.007022</td>\n",
       "      <td>-0.559403</td>\n",
       "      <td>1.000000</td>\n",
       "      <td>-0.459740</td>\n",
       "      <td>-0.054546</td>\n",
       "      <td>0.047112</td>\n",
       "      <td>0.058270</td>\n",
       "      <td>0.028524</td>\n",
       "      <td>-0.082375</td>\n",
       "      <td>-0.050419</td>\n",
       "      <td>0.053928</td>\n",
       "      <td>-0.026724</td>\n",
       "    </tr>\n",
       "    <tr>\n",
       "      <th>pr_Y</th>\n",
       "      <td>0.073843</td>\n",
       "      <td>0.054466</td>\n",
       "      <td>0.018848</td>\n",
       "      <td>-0.044339</td>\n",
       "      <td>0.098628</td>\n",
       "      <td>-0.188840</td>\n",
       "      <td>-0.053688</td>\n",
       "      <td>-0.022936</td>\n",
       "      <td>-0.341439</td>\n",
       "      <td>-0.459740</td>\n",
       "      <td>1.000000</td>\n",
       "      <td>0.056307</td>\n",
       "      <td>0.089328</td>\n",
       "      <td>0.057745</td>\n",
       "      <td>0.087273</td>\n",
       "      <td>-0.090885</td>\n",
       "      <td>-0.042089</td>\n",
       "      <td>0.027596</td>\n",
       "      <td>0.082371</td>\n",
       "    </tr>\n",
       "    <tr>\n",
       "      <th>PR_GC</th>\n",
       "      <td>0.039735</td>\n",
       "      <td>-0.029655</td>\n",
       "      <td>-0.040033</td>\n",
       "      <td>0.060032</td>\n",
       "      <td>-0.010285</td>\n",
       "      <td>-0.495073</td>\n",
       "      <td>0.552580</td>\n",
       "      <td>0.350968</td>\n",
       "      <td>-0.019549</td>\n",
       "      <td>-0.054546</td>\n",
       "      <td>0.056307</td>\n",
       "      <td>1.000000</td>\n",
       "      <td>-0.007739</td>\n",
       "      <td>0.004325</td>\n",
       "      <td>-0.014258</td>\n",
       "      <td>-0.081843</td>\n",
       "      <td>0.045487</td>\n",
       "      <td>0.004808</td>\n",
       "      <td>-0.000513</td>\n",
       "    </tr>\n",
       "    <tr>\n",
       "      <th>RT_A</th>\n",
       "      <td>0.055431</td>\n",
       "      <td>0.315671</td>\n",
       "      <td>0.324758</td>\n",
       "      <td>-0.292327</td>\n",
       "      <td>0.997939</td>\n",
       "      <td>0.011044</td>\n",
       "      <td>0.006332</td>\n",
       "      <td>0.020450</td>\n",
       "      <td>-0.121479</td>\n",
       "      <td>0.047112</td>\n",
       "      <td>0.089328</td>\n",
       "      <td>-0.007739</td>\n",
       "      <td>1.000000</td>\n",
       "      <td>0.938039</td>\n",
       "      <td>0.941122</td>\n",
       "      <td>-0.076158</td>\n",
       "      <td>-0.066181</td>\n",
       "      <td>0.133181</td>\n",
       "      <td>0.455368</td>\n",
       "    </tr>\n",
       "    <tr>\n",
       "      <th>RT_C</th>\n",
       "      <td>0.039726</td>\n",
       "      <td>0.294487</td>\n",
       "      <td>0.299423</td>\n",
       "      <td>-0.275972</td>\n",
       "      <td>0.938903</td>\n",
       "      <td>0.009148</td>\n",
       "      <td>0.015336</td>\n",
       "      <td>0.019386</td>\n",
       "      <td>-0.096217</td>\n",
       "      <td>0.058270</td>\n",
       "      <td>0.057745</td>\n",
       "      <td>0.004325</td>\n",
       "      <td>0.938039</td>\n",
       "      <td>1.000000</td>\n",
       "      <td>0.907075</td>\n",
       "      <td>-0.148563</td>\n",
       "      <td>-0.047448</td>\n",
       "      <td>0.147334</td>\n",
       "      <td>0.514687</td>\n",
       "    </tr>\n",
       "    <tr>\n",
       "      <th>RT_G</th>\n",
       "      <td>0.045710</td>\n",
       "      <td>0.269169</td>\n",
       "      <td>0.300049</td>\n",
       "      <td>-0.269580</td>\n",
       "      <td>0.944121</td>\n",
       "      <td>0.011599</td>\n",
       "      <td>0.010107</td>\n",
       "      <td>0.014290</td>\n",
       "      <td>-0.100271</td>\n",
       "      <td>0.028524</td>\n",
       "      <td>0.087273</td>\n",
       "      <td>-0.014258</td>\n",
       "      <td>0.941122</td>\n",
       "      <td>0.907075</td>\n",
       "      <td>1.000000</td>\n",
       "      <td>-0.167082</td>\n",
       "      <td>-0.050812</td>\n",
       "      <td>0.143727</td>\n",
       "      <td>0.499224</td>\n",
       "    </tr>\n",
       "    <tr>\n",
       "      <th>RT_R</th>\n",
       "      <td>-0.018059</td>\n",
       "      <td>-0.045041</td>\n",
       "      <td>-0.085253</td>\n",
       "      <td>0.063620</td>\n",
       "      <td>-0.090145</td>\n",
       "      <td>0.097611</td>\n",
       "      <td>-0.063966</td>\n",
       "      <td>0.031384</td>\n",
       "      <td>0.188537</td>\n",
       "      <td>-0.082375</td>\n",
       "      <td>-0.090885</td>\n",
       "      <td>-0.081843</td>\n",
       "      <td>-0.076158</td>\n",
       "      <td>-0.148563</td>\n",
       "      <td>-0.167082</td>\n",
       "      <td>1.000000</td>\n",
       "      <td>-0.210416</td>\n",
       "      <td>-0.233202</td>\n",
       "      <td>-0.085303</td>\n",
       "    </tr>\n",
       "    <tr>\n",
       "      <th>RT_T</th>\n",
       "      <td>-0.105165</td>\n",
       "      <td>-0.118343</td>\n",
       "      <td>-0.080765</td>\n",
       "      <td>0.058562</td>\n",
       "      <td>-0.076606</td>\n",
       "      <td>0.022571</td>\n",
       "      <td>0.050509</td>\n",
       "      <td>-0.006384</td>\n",
       "      <td>0.088849</td>\n",
       "      <td>-0.050419</td>\n",
       "      <td>-0.042089</td>\n",
       "      <td>0.045487</td>\n",
       "      <td>-0.066181</td>\n",
       "      <td>-0.047448</td>\n",
       "      <td>-0.050812</td>\n",
       "      <td>-0.210416</td>\n",
       "      <td>1.000000</td>\n",
       "      <td>-0.439550</td>\n",
       "      <td>-0.010580</td>\n",
       "    </tr>\n",
       "    <tr>\n",
       "      <th>RT_Y</th>\n",
       "      <td>0.024748</td>\n",
       "      <td>0.070142</td>\n",
       "      <td>0.082630</td>\n",
       "      <td>-0.054134</td>\n",
       "      <td>0.136990</td>\n",
       "      <td>-0.043869</td>\n",
       "      <td>-0.014506</td>\n",
       "      <td>-0.003723</td>\n",
       "      <td>-0.095437</td>\n",
       "      <td>0.053928</td>\n",
       "      <td>0.027596</td>\n",
       "      <td>0.004808</td>\n",
       "      <td>0.133181</td>\n",
       "      <td>0.147334</td>\n",
       "      <td>0.143727</td>\n",
       "      <td>-0.233202</td>\n",
       "      <td>-0.439550</td>\n",
       "      <td>1.000000</td>\n",
       "      <td>0.103095</td>\n",
       "    </tr>\n",
       "    <tr>\n",
       "      <th>RT_GC</th>\n",
       "      <td>0.019547</td>\n",
       "      <td>0.105843</td>\n",
       "      <td>0.060104</td>\n",
       "      <td>-0.101756</td>\n",
       "      <td>0.485215</td>\n",
       "      <td>-0.023715</td>\n",
       "      <td>0.011730</td>\n",
       "      <td>0.028718</td>\n",
       "      <td>-0.019180</td>\n",
       "      <td>-0.026724</td>\n",
       "      <td>0.082371</td>\n",
       "      <td>-0.000513</td>\n",
       "      <td>0.455368</td>\n",
       "      <td>0.514687</td>\n",
       "      <td>0.499224</td>\n",
       "      <td>-0.085303</td>\n",
       "      <td>-0.010580</td>\n",
       "      <td>0.103095</td>\n",
       "      <td>1.000000</td>\n",
       "    </tr>\n",
       "  </tbody>\n",
       "</table>\n",
       "</div>"
      ],
      "text/plain": [
       "            Unnamed: 0      Resp     VL.t0    CD4.t0  rtlength      pr_A  \\\n",
       "Unnamed: 0    1.000000  0.316746  0.082143  0.038613  0.060402 -0.289413   \n",
       "Resp          0.316746  1.000000  0.363947 -0.127548  0.320095 -0.121435   \n",
       "VL.t0         0.082143  0.363947  1.000000 -0.427281  0.327529 -0.010349   \n",
       "CD4.t0        0.038613 -0.127548 -0.427281  1.000000 -0.297203 -0.022918   \n",
       "rtlength      0.060402  0.320095  0.327529 -0.297203  1.000000  0.004620   \n",
       "pr_A         -0.289413 -0.121435 -0.010349 -0.022918  0.004620  1.000000   \n",
       "pr_C         -0.104817 -0.080273 -0.011644  0.044449  0.001332  0.165435   \n",
       "pr_G         -0.052061 -0.030747  0.012650  0.041038  0.018774 -0.123698   \n",
       "pr_R         -0.156757 -0.106768 -0.099714  0.086117 -0.129542  0.243491   \n",
       "pr_T          0.037121  0.046432  0.063036 -0.024116  0.045435  0.000056   \n",
       "pr_Y          0.073843  0.054466  0.018848 -0.044339  0.098628 -0.188840   \n",
       "PR_GC         0.039735 -0.029655 -0.040033  0.060032 -0.010285 -0.495073   \n",
       "RT_A          0.055431  0.315671  0.324758 -0.292327  0.997939  0.011044   \n",
       "RT_C          0.039726  0.294487  0.299423 -0.275972  0.938903  0.009148   \n",
       "RT_G          0.045710  0.269169  0.300049 -0.269580  0.944121  0.011599   \n",
       "RT_R         -0.018059 -0.045041 -0.085253  0.063620 -0.090145  0.097611   \n",
       "RT_T         -0.105165 -0.118343 -0.080765  0.058562 -0.076606  0.022571   \n",
       "RT_Y          0.024748  0.070142  0.082630 -0.054134  0.136990 -0.043869   \n",
       "RT_GC         0.019547  0.105843  0.060104 -0.101756  0.485215 -0.023715   \n",
       "\n",
       "                pr_C      pr_G      pr_R      pr_T      pr_Y     PR_GC  \\\n",
       "Unnamed: 0 -0.104817 -0.052061 -0.156757  0.037121  0.073843  0.039735   \n",
       "Resp       -0.080273 -0.030747 -0.106768  0.046432  0.054466 -0.029655   \n",
       "VL.t0      -0.011644  0.012650 -0.099714  0.063036  0.018848 -0.040033   \n",
       "CD4.t0      0.044449  0.041038  0.086117 -0.024116 -0.044339  0.060032   \n",
       "rtlength    0.001332  0.018774 -0.129542  0.045435  0.098628 -0.010285   \n",
       "pr_A        0.165435 -0.123698  0.243491  0.000056 -0.188840 -0.495073   \n",
       "pr_C        1.000000  0.158018  0.062032 -0.024762 -0.053688  0.552580   \n",
       "pr_G        0.158018  1.000000 -0.024814 -0.007022 -0.022936  0.350968   \n",
       "pr_R        0.062032 -0.024814  1.000000 -0.559403 -0.341439 -0.019549   \n",
       "pr_T       -0.024762 -0.007022 -0.559403  1.000000 -0.459740 -0.054546   \n",
       "pr_Y       -0.053688 -0.022936 -0.341439 -0.459740  1.000000  0.056307   \n",
       "PR_GC       0.552580  0.350968 -0.019549 -0.054546  0.056307  1.000000   \n",
       "RT_A        0.006332  0.020450 -0.121479  0.047112  0.089328 -0.007739   \n",
       "RT_C        0.015336  0.019386 -0.096217  0.058270  0.057745  0.004325   \n",
       "RT_G        0.010107  0.014290 -0.100271  0.028524  0.087273 -0.014258   \n",
       "RT_R       -0.063966  0.031384  0.188537 -0.082375 -0.090885 -0.081843   \n",
       "RT_T        0.050509 -0.006384  0.088849 -0.050419 -0.042089  0.045487   \n",
       "RT_Y       -0.014506 -0.003723 -0.095437  0.053928  0.027596  0.004808   \n",
       "RT_GC       0.011730  0.028718 -0.019180 -0.026724  0.082371 -0.000513   \n",
       "\n",
       "                RT_A      RT_C      RT_G      RT_R      RT_T      RT_Y  \\\n",
       "Unnamed: 0  0.055431  0.039726  0.045710 -0.018059 -0.105165  0.024748   \n",
       "Resp        0.315671  0.294487  0.269169 -0.045041 -0.118343  0.070142   \n",
       "VL.t0       0.324758  0.299423  0.300049 -0.085253 -0.080765  0.082630   \n",
       "CD4.t0     -0.292327 -0.275972 -0.269580  0.063620  0.058562 -0.054134   \n",
       "rtlength    0.997939  0.938903  0.944121 -0.090145 -0.076606  0.136990   \n",
       "pr_A        0.011044  0.009148  0.011599  0.097611  0.022571 -0.043869   \n",
       "pr_C        0.006332  0.015336  0.010107 -0.063966  0.050509 -0.014506   \n",
       "pr_G        0.020450  0.019386  0.014290  0.031384 -0.006384 -0.003723   \n",
       "pr_R       -0.121479 -0.096217 -0.100271  0.188537  0.088849 -0.095437   \n",
       "pr_T        0.047112  0.058270  0.028524 -0.082375 -0.050419  0.053928   \n",
       "pr_Y        0.089328  0.057745  0.087273 -0.090885 -0.042089  0.027596   \n",
       "PR_GC      -0.007739  0.004325 -0.014258 -0.081843  0.045487  0.004808   \n",
       "RT_A        1.000000  0.938039  0.941122 -0.076158 -0.066181  0.133181   \n",
       "RT_C        0.938039  1.000000  0.907075 -0.148563 -0.047448  0.147334   \n",
       "RT_G        0.941122  0.907075  1.000000 -0.167082 -0.050812  0.143727   \n",
       "RT_R       -0.076158 -0.148563 -0.167082  1.000000 -0.210416 -0.233202   \n",
       "RT_T       -0.066181 -0.047448 -0.050812 -0.210416  1.000000 -0.439550   \n",
       "RT_Y        0.133181  0.147334  0.143727 -0.233202 -0.439550  1.000000   \n",
       "RT_GC       0.455368  0.514687  0.499224 -0.085303 -0.010580  0.103095   \n",
       "\n",
       "               RT_GC  \n",
       "Unnamed: 0  0.019547  \n",
       "Resp        0.105843  \n",
       "VL.t0       0.060104  \n",
       "CD4.t0     -0.101756  \n",
       "rtlength    0.485215  \n",
       "pr_A       -0.023715  \n",
       "pr_C        0.011730  \n",
       "pr_G        0.028718  \n",
       "pr_R       -0.019180  \n",
       "pr_T       -0.026724  \n",
       "pr_Y        0.082371  \n",
       "PR_GC      -0.000513  \n",
       "RT_A        0.455368  \n",
       "RT_C        0.514687  \n",
       "RT_G        0.499224  \n",
       "RT_R       -0.085303  \n",
       "RT_T       -0.010580  \n",
       "RT_Y        0.103095  \n",
       "RT_GC       1.000000  "
      ]
     },
     "execution_count": 5,
     "metadata": {},
     "output_type": "execute_result"
    }
   ],
   "source": [
    "#Lets see how correlated are the different features\n",
    "new_data.corr()"
   ]
  },
  {
   "cell_type": "code",
   "execution_count": 6,
   "metadata": {
    "collapsed": false
   },
   "outputs": [
    {
     "data": {
      "text/plain": [
       "0"
      ]
     },
     "execution_count": 6,
     "metadata": {},
     "output_type": "execute_result"
    }
   ],
   "source": [
    "# Lets look at the missing data\n",
    "new_data.isnull().sum().sum()"
   ]
  },
  {
   "cell_type": "code",
   "execution_count": 7,
   "metadata": {
    "collapsed": false
   },
   "outputs": [
    {
     "name": "stdout",
     "output_type": "stream",
     "text": [
      "Original dataset:  0    733\n",
      "1    187\n",
      "Name: Resp, dtype: int64\n",
      "\n",
      "Number of 1 in the new  dataset:  733\n"
     ]
    }
   ],
   "source": [
    "#Our dataset is imbalanced, lets fix that\n",
    "VL = new_data['VL.t0'].values.tolist()   # get all the values of viral load in a list\n",
    "CD4 = new_data['CD4.t0'].values.tolist() # get all the values of CD4+ cells in a list\n",
    "rt_length = new_data['rtlength'].values.tolist()\n",
    "pr_A = new_data['pr_A'].values.tolist()\n",
    "pr_C = new_data['pr_C'].values.tolist()\n",
    "pr_G = new_data['pr_G'].values.tolist()\n",
    "pr_R = new_data['pr_R'].values.tolist()\n",
    "pr_T = new_data['pr_T'].values.tolist()\n",
    "pr_Y = new_data['pr_Y'].values.tolist()\n",
    "pr_GC = new_data['PR_GC'].values.tolist()\n",
    "rt_A = new_data['RT_A'].values.tolist()\n",
    "rt_C = new_data['RT_C'].values.tolist()\n",
    "rt_G = new_data['RT_G'].values.tolist()\n",
    "rt_R = new_data['RT_R'].values.tolist()\n",
    "rt_T = new_data['RT_T'].values.tolist()\n",
    "rt_Y = new_data['RT_Y'].values.tolist()\n",
    "rt_GC = new_data['RT_GC'].values.tolist()\n",
    "\n",
    "inp = list(zip(VL,CD4,pr_A,pr_C,pr_G,pr_R,pr_T,pr_Y,pr_GC,rt_length,rt_A,rt_C,rt_G,rt_R,rt_T,rt_Y,rt_GC))  # create a new input feature with the two numerical features\n",
    "lab = new_data[\"Resp\"].values.tolist()\n",
    "\n",
    "\n",
    "\n",
    "from imblearn.over_sampling import SMOTE\n",
    "sm = imblearn.over_sampling.SMOTE(sampling_strategy = 'auto', kind = 'regular',random_state=5)\n",
    "\n",
    "#VL.t0 ,CD4.t0 ,rtlength ,pr_A ,pr_C ,pr_G ,pr_R ,pr_T ,pr_Y ,PR_GC ,RT_A ,RT_C ,RT_G ,RT_R ,RT_T,RT_Y,RT_GC\n",
    "\n",
    "inputs,label = sm.fit_sample(new_data[['VL.t0' ,'CD4.t0' ,'rtlength' ,'pr_A' ,'pr_C' ,'pr_G' ,'pr_R' ,'pr_T' ,'pr_Y' ,'PR_GC','RT_A' ,'RT_C' ,'RT_G' ,'RT_R' ,'RT_T','RT_Y','RT_GC'\n",
    "]],new_data['Resp'])\n",
    "print(\"Original dataset: \",new_data['Resp'].value_counts())\n",
    "\n",
